fraig> cirr tests/sim09.aag -r

fraig> cirsim -f tests/pattern.09 -o sim9
1920 patterns simulated.

fraig> cirp -fec
[0] 0 339 340 533 534 1804 1805 1806 1871 1872 2234 2235 2236 2237 2643 2645 !2646 !2647 2648 2649 2710 2712 !2713 !2714 2715 2717 !2718 !2719 2722 2837 2839 !2840 2842 2843 2874 2876 !2877 !2878 2879 2881 !2882 !2883 2884 2886 !2887 !2888 2889 2891 !2892 2893 2894 2897 2898 2900 2901 !2902 !2903 !2904 !2905 2906 2908 !2909 2910 2911 !2916 3103 3105 !3106 !3107 3108 3109 3170 3172 !3173 !3174 3175 3177 !3178 !3179 3182 3233 3235 !3236 !3237 3238 3240 !3241 !3242 3243 3245 !3246 !3247 3248 3250 !3251 !3252 3253 3255 !3256 3257 !3258 3303 3305 !3306 3308 3309 3340 3342 !3343 !3344 3345 3347 !3348 !3349 3350 3352 !3353 !3354 3355 3357 !3358 3359 3360 3363 3364 3366 3367 !3368 !3369 !3370 !3371 3372 !3373 3374 !3375 3376 3377 !3382 3388 !3389 3390 !3391 3395 3401 !3402 3403 !3404 3405 3431 3436
[1] 2 3 56 57 58 59 139 140
[2] 5 6 239 240 242 934 935 936 2541 2542 2544
[3] 8 9 40
[4] 11 21 22
[5] 20 64 65 66 67 73
[6] 37 38
[7] 45 !46
[8] 49 !50
[9] 52 53 54 55 1894 1895 1916 1917 1918 1919 2048 2049 2110 2111
[10] 60 61 62 63 79 80 81 82 83 84 85 86 87 88
[11] 69 70 71 72 89 90 91 92 93
[12] 75 !78 102 !127 !128
[13] 96 97 124 125 126
[14] 103 !104
[15] 106 112
[16] 108 113
[17] 109 114
[18] 110 !111 115 !116
[19] 118 119 !120
[20] 121 !122
[21] 134 135 !137 !138 148 149 !151 !152 160 161 !163 !164 172 173 !175 !176
[22] 141 153 165 177
[23] 179 180 326 327
[24] 183 184 190 198 199 204 923 924 929 2495 2496 2499 2504 2505 2507
[25] 185 2497
[26] 186 2498
[27] 188 189 332 333
[28] 191 2500
[29] 192 2501
[30] 193 194 !208 209 2502 2503 !2511 2531
[31] 196 197 520 521
[32] 200 2506
[33] 202 203 525 526
[34] 205 2508
[35] 206 2509
[36] 207 2510
[37] 212 213 216 221 222 224 925 926 927 2512 2513 2516 2521 2522 2524
[38] 214 2514
[39] 215 2515
[40] 217 2517
[41] 218 2518
[42] 219 220 !228 229 2519 2520 !2528 2529
[43] 223 2523
[44] 225 2525
[45] 226 2526
[46] 227 2527
[47] 231 232 234 932 933 938 2534 2535 2537
[48] 233 2536
[49] 235 2538
[50] 236 237 238 2539 2540 2549
[51] 241 2543
[52] 243 2545
[53] 244 245 2153 2154 2546 2547
[54] 246 2530 2532 !2533 !2554
[55] 248 2553 2555 !2556 !2644
[56] 253 254 259 266 267 271 956 957 962 2558 2559 2562 2567 2568 2570
[57] 262 263 !275 276
[58] 279 280 283 288 289 291 958 959 960 2575 2576 2579 2584 2585 2587
[59] 286 287 !295 296
[60] 298 !299 301 !302
[61] 305 306 309 314 315 317 966 967 968 969 976 977 978 2602 2603 2606 2611 2612 2614
[62] 312 313 !321 322
[63] 329 330 334 949 950 951 1207 1208 1210
[64] 331 1209
[65] 335 1211
[66] 336 337 338 1212 1213 2557 2629
[67] 343 344 347 352 353 355 1037 1038 1039 3062 3063 3066 3071 3072 3074
[68] 350 351 !359 360
[69] 363 364 367 372 373 375 992 993 998 2919 2920 2923 2928 2929 2931
[70] 370 371 !379 380
[71] 383 384 387 392 393 395 994 995 996 2936 2937 2940 2945 2946 2948
[72] 390 391 !399 400
[73] 403 404 407 412 413 415 1001 1002 1007 2958 2959 2962 2967 2968 2970
[74] 410 411 !419 420
[75] 426 427 430 435 436 438 1018 1019 1020 2987 2988 2991 2996 2997 2999
[76] 433 434 !442 443
[77] 446 447 450 455 456 458 1025 1026 1031 3005 3006 3009 3014 3015 3017
[78] 453 454 !462 463
[79] 466 467 470 475 476 478 1027 1028 1029 3022 3023 3026 3031 3032 3034
[80] 473 474 !482 483
[81] 486 487 490 495 496 498 1035 1036 1041 3045 3046 3049 3054 3055 3057
[82] 493 494 !502 503
[83] 509 510 511 512 515 522 523 527 1003 1004 1005 2238 2239 2242 2247 2248 2250
[84] 513 2240
[85] 514 2241
[86] 516 2243
[87] 517 2244
[88] 518 519 !531 532 2245 2246 !2254 2975 2976 2977
[89] 524 2249
[90] 528 2251
[91] 529 2252
[92] 530 2253
[93] 536 537 538 594 595 596
[94] 542 543 544 549 845 846 847 1654 1655 1656
[95] 545 546 547 843 844 849
[96] 548 550 !551 848 850 !851 1075 1144 !1716 !1722 !1723 !1724 !3265 !3266 !3275 !3276 !3277 !3289 !3316 !3317 !3341
[97] 555 556 557 562 854 855 856 1661 1662 1667
[98] 558 559 560 852 853 858
[99] 561 563 !564 857 859 !860 1072 1141 !1720 !1721 !1726 !1730 !1731 !1735 !1745 1746 !1757 !1758 !1759 !3263 !3264 !3273 !3274 !3279 !3294 !3314 !3315 !3327 !3331 !3346
[100] 568 569 570 575 836 837 838 1663 1664 1665
[101] 571 572 573 834 835 840
[102] 574 576 !577 839 841 !842 1070 1139 !1742 !1743 !1748 !1753 !1754 !1761 !1772 !1773 1774 !1788 !1789 !1790 !1791 !3259 !3260 !3270 !3271 3284 !3304 !3310 !3311 !3323 !3324 !3325 !3336 !3356
[103] 581 582 583 588 863 864 865 1671 1672 1679
[104] 584 585 586 861 862 867
[105] 587 589 !590 866 868 !869 1069 !1079 !1080 !1081 !1102 1138 !1148 !1149 !1150 !1171 !1767 !1768 !1776 !1781 !1782 !1793 !3261 !3262 !3299 !3312 !3313 !3351
[106] 591 1725 1727 !1728 1744 1755 1756 1770 1784 1786 3268 3272 3278 3280 !3281 !3282 3319 3321 3326
[107] 592 871 1771 1785 1787 3269 3320 3322
[108] 593 872 1078 1147
[109] 600 601 602 607 884 885 886 1629 1630 1635
[110] 603 604 605 882 883 888
[111] 606 608 !609 887 889 !890 1092 1161 !1269 !1270 !1276 !1537 !1538 !3118 !3119 !3137 !3138 !3139 !3156 !3191 !3192 !3234
[112] 613 614 615 620 911 912 913 1631 1632 1633
[113] 616 617 618 909 910 915
[114] 619 621 !622 914 916 !917 1088 1157 !1517 !1518 !1519 !1534 !1535 !1540 !3116 !3117 !3130 !3131 !3146 !3161 !3189 !3190 !3207 !3224 !3239
[115] 626 627 628 633 893 894 895 1638 1639 1644
[116] 629 630 631 891 892 897
[117] 632 634 !635 896 898 !899 1085 1154 !1494 !1495 !1496 !1497 !1512 !1513 !1521 !3112 !3113 !3135 !3136 3141 !3171 !3185 !3186 !3213 !3214 !3215 !3219 !3249
[118] 639 640 641 646 875 876 877 1640 1641 1642
[119] 642 643 644 873 874 879
[120] 645 647 !648 878 880 !881 1083 1152 !1467 !1468 !1469 !1470 !1471 !1486 !1487 !1499 !3110 !3111 !3126 !3127 !3128 3151 !3176 !3183 !3184 !3202 !3203 !3204 !3205 !3229 !3254
[121] 652 653 654 659 902 903 904 1652 1653 1658
[122] 655 656 657 900 901 906
[123] 658 660 !661 905 907 !908 1082 !1097 !1098 !1099 !1100 1151 !1166 !1167 !1168 !1169 !1455 !1456 !1473 !1713 !1714 !3114 !3115 !3166 !3187 !3188 !3244 !3307
[124] 662 1514 1539 1541 !1542 !1708 3129 3206
[125] 663 1461 1490 3124 3134 3197 3210 3212
[126] 664 1462 3125 3198 3201
[127] 665 921 1096 1165 !3361 3362 !3365
[128] 666 922
[129] 668 669 670 711 712 713 715 716 717 718 811 812 817 1595 1596 1601
[130] 674 675 787 1103 1104 1172 1173 1292 1293 !1294 1311 1312 1313 1314 1560 1561 1566 1839 1840 1845 1850 1851 1858 2793 2794 2804 2805 !2818 2838 2844 2845 2857 2858 2859 2870 2890
[131] 676 677 686 771 772 773
[132] 681 682 683 684 769 770 775 1551 1552 1557
[133] 685 687 !688 774 776 !777 1109 1178 !1813 !1819 !1820 !1821 !2799 !2800 !2809 !2810 !2811 !2823 !2850 !2851 !2875
[134] 689 690 699 780 781 782
[135] 694 695 696 697 778 779 784 1553 1554 1555
[136] 698 700 !701 783 785 !786 1106 1175 !1817 !1818 !1823 !1827 !1828 !1832 !1842 1843 !1854 !1855 !1856 !2797 !2798 !2807 !2808 !2813 !2828 !2848 !2849 !2861 !2865 !2880
[137] 704 705 788 1113 1114 1115 1137 1182 1183 1184 1206 1287 1288 1296 1304 1305 1316 1562 1563 1564 2161 2162 2163 !2164 2165 2795 2796 2833 2846 2847 2885
[138] 707 790 1291 1308 1310 2803 2854 2856
[139] 708 791 1112 1181
[140] 709 710 720 813 814 815
[141] 719 721 !722 816 818 !819 1117 1186 !1363 !1364 !1365 !1366 !1367 !1382 !1383 !1395 !2650 !2651 !2666 !2667 !2668 2691 !2716 !2723 !2724 !2742 !2743 !2744 !2745 !2763 !2788
[142] 725 726 792 1126 1127 1195 1196 1224 1225 1231 1247 1248 1583 1584 1591 2658 2659 2677 2678 2679 2696 2731 2732 2768
[143] 727 728 736 804 805 806
[144] 731 732 733 734 802 803 808 1574 1575 1580
[145] 735 737 !738 807 809 !810 1119 1188 !1390 !1391 !1392 !1393 !1408 !1409 !1417 !2652 !2653 !2675 !2676 2681 !2711 !2725 !2726 !2753 !2754 !2755 !2756 !2783
[146] 739 740 749 822 823 824
[147] 744 745 746 747 820 821 826 1597 1598 1599 !1600 !1602 1603 1604 1605 1606 1613 1614 1615
[148] 748 750 !751 825 827 !828 1116 !1132 !1133 !1134 !1135 1185 !1201 !1202 !1203 !1204 !1301 !1302 !1351 !1352 !1369 !2654 !2655 !2706 !2727 !2728 !2778 !2841
[149] 752 753 761 795 796 797
[150] 756 757 758 759 793 794 799 1576 1577 1578
[151] 760 762 !763 798 800 !801 1122 1191 !1244 !1245 !1250 !1413 !1414 !1415 !2656 !2657 !2670 !2671 !2686 !2701 !2729 !2730 !2747 !2758 !2773
[152] 765 2740
[153] 767 832 1131 1200 2777 2779 !2780 !2781 2782 2784 !2785 !2786 2787 2789 !2790 !2895 2896 !2899
[154] 768 833
[155] 789 1290 1307 1309 1822 1824 !1825 1841 1852 1853 2802 2806 2812 2814 !2815 !2816 2853 2855 2860
[156] 829 1249 1251 !1252 1410 !1808 2669 2746
[157] 830 1357 1386 2664 2674 2737 2750 2752
[158] 831 1358 2665 2738 2741 2767 2769 !2770 !2771 2772 2774 !2775 !2776
[159] 919 3200
[160] 928 930 !931 !943
[161] 937 939 !940 !941
[162] 942 944 !945 !987
[163] 947 948 953
[164] 952 954 !955 !972
[165] 961 963 !964 !965
[166] 970 973 979 981
[167] 971 974 !975 980 982 !983 !984 !985
[168] 986 988 !989 !990 !991 !2230
[169] 997 999 !1000 !1012
[170] 1006 1008 !1009 !1010
[171] 1011 1013 !1014 !1064
[172] 1016 1017 1022
[173] 1021 1023 !1024 !1049
[174] 1030 1032 !1033 !1034
[175] 1040 1042 !1043 !1044 !1045 !1046 !1053 !1054 !1055
[176] 1047 1050 1056 1058
[177] 1048 1051 !1052 1057 1059 !1060 !1061 !1062
[178] 1063 1065 !1066 !1067 !1068 !2231
[179] 1071 1073 1140 1142 1792 1794 !1795
[180] 1074 1143
[181] 1076 1145
[182] 1077 1146
[183] 1084 1086 1153 1155 1472 1474 !1475 !1711
[184] 1087 1156
[185] 1089 1158
[186] 1090 1094 1159 1163
[187] 1091 1160
[188] 1093 1162 1458 1460 1488 1489 1520 1522 !1523 !1709 3121 3123 3132 3133 3194 3196 3208 3209
[189] 1095 1164
[190] 1101 1170
[191] 1105 1107 1174 1176 1315 1317 !1318 1565 1567 !1568 !1569
[192] 1108 1177
[193] 1110 1179
[194] 1111 1180
[195] 1118 1120 1187 1189 1368 1370 !1371 !1811
[196] 1121 1190
[197] 1123 1192
[198] 1124 1129 1193 1198
[199] 1125 1194
[200] 1128 1197 1354 1356 1384 1385 1416 1418 !1419 !1809 2661 2663 2672 2673 2734 2736 2748 2749 2757 2759 !2760 !2761
[201] 1130 1199
[202] 1136 1205
[203] 1215 1216 1217 1261 1262 1263 1343 1344 1345 1447 1448 1449 3385 3386 3387
[204] 1219 1220 1221 1264 1265 1266 1346 1347 1348 1450 1451 1452 3392 3393 3394
[205] 1227 1228 1229
[206] 1230 1232 !1233 1246 1359 1387 1411 !1807
[207] 1240 1241
[208] 1259 1260
[209] 1272 1273 1274
[210] 1275 1277 !1278 1463 1491 1515 1536 !1707
[211] 1285 1286
[212] 1289 1306 1857 1859 !1860 2801 2852
[213] 1295 1297 !1298 !1299
[214] 1300 1868
[215] 1320 1321 1864
[216] 1323 1324 1325 1921 1922 1923
[217] 1327 1328 1329 1924 1925 1926
[218] 1353 1394 1396 !1397 !1810 2660 2733
[219] 1355 2662 2735 2762 2764 !2765 !2766
[220] 1360 1388
[221] 1361 1389 1866
[222] 1362 1867
[223] 1378 1379
[224] 1404 1405
[225] 1412 1865
[226] 1426 1427
[227] 1429 1430 1431 1979 1980 1981
[228] 1433 1434 1435 1982 1983 1984
[229] 1457 1498 1500 !1501 !1710 3120 3193
[230] 1459 3122 3195
[231] 1464 1492
[232] 1465 1493 1800
[233] 1466 1801
[234] 1482 1483
[235] 1508 1509
[236] 1516 1799
[237] 1530 1531
[238] 1549 1550
[239] 1556 1558 !1559 !1571
[240] 1570 1572 !1573 !1624
[241] 1579 1581 !1582 !1609
[242] 1588 1589
[243] 1590 1592 !1593 !1594
[244] 1607 1610 1616 1618
[245] 1608 1611 !1612 1617 1619 !1620 !1621 !1622
[246] 1623 1625 !1626 !1627 !1628 !2228
[247] 1634 1636 !1637 !1649
[248] 1643 1645 !1646 !1647
[249] 1648 1650 !1651 !1702
[250] 1657 1659 !1660 !1687
[251] 1666 1668 !1669 !1670
[252] 1676 1677
[253] 1678 1680 !1681 !1682 !1683 !1684 !1691 !1692 !1693
[254] 1685 1688 1694 1696
[255] 1686 1689 !1690 1695 1697 !1698 !1699 !1700
[256] 1701 1703 !1704 !1705 !1706 !2229
[257] 1712 1802 1803
[258] 1715 1717 !1718 !1719
[259] 1732 !1733 3328 !3329
[260] 1734 1736 !1737 !1738 3330 3332 !3333 !3334
[261] 1740 1741
[262] 1747 1749 !1750 !1751
[263] 1760 1762 !1763 1769 1783 3267 3318
[264] 1765 1766
[265] 1775 1777 !1778 !1779
[266] 1797 1798
[267] 1812 1814 !1815 !1816
[268] 1829 !1830 2862 !2863
[269] 1831 1833 !1834 !1835 2864 2866 !2867 !2868
[270] 1837 1838
[271] 1844 1846 !1847 !1848
[272] 1862 1863
[273] 1874 1875 1876 2029 2030 2031
[274] 1878 1879 1880 2032 2033 2034
[275] 1898 1899 1900 2093 2094 2095
[276] 1902 1903 1904 2096 2097 2098
[277] 2151 !2152
[278] 2193 2194
[279] 2203 2204
[280] 2213 2214
[281] 2223 2224
[282] 2263 2264
[283] 2273 2274
[284] 2283 2284
[285] 2293 2294
[286] 2548 2550 !2551 !2552
[287] 2565 2566 !2574 2594
[288] 2582 2583 !2591 2592
[289] 2593 2595 !2596 !2597
[290] 2598 !2599 2601 !2621
[291] 2609 2610 !2618 2619
[292] 2620 2622 !2623 !2624 !2625 !2626 !2633 !2634 !2635
[293] 2627 2630 2636 2638
[294] 2628 2631 !2632 2637 2639 !2640 !2641 !2642
[295] 2680 2682 !2683 !2684
[296] 2685 2687 !2688 !2689
[297] 2690 2692 !2693 !2694 2695 2697 !2698 !2699 2700 2702 !2703 !2704
[298] 2705 2707 !2708 !2709
[299] 2739 2751
[300] 2791 !2792 !2907
[301] 2817 2819 !2820 !2821 2822 2824 !2825 !2826 2827 2829 !2830 !2831
[302] 2832 2834 !2835 !2836
[303] 2869 2871 !2872 !2873
[304] 2914 !2917
[305] 2915 !2918 3381 !3384
[306] 2926 2927 !2935 2955
[307] 2943 2944 !2952 2953
[308] 2954 2956 !2957 !2984
[309] 2965 2966 !2974 2979
[310] 2978 2980 !2981 !2982
[311] 2983 2985 !2986 !3104
[312] 2994 2995 !3003 3004 3089
[313] 3012 3013 !3021 3041
[314] 3029 3030 !3038 3039
[315] 3040 3042 !3043 !3044
[316] 3052 3053 !3061 3081
[317] 3069 3070 !3078 3079
[318] 3080 3082 !3083 !3084 !3085 !3086 !3093 !3094 !3095
[319] 3087 3090 3096 3098
[320] 3088 3091 !3092 3097 3099 !3100 !3101 !3102
[321] 3140 3142 !3143 !3144
[322] 3145 3147 !3148 !3149
[323] 3150 3152 !3153 !3154 3155 3157 !3158 !3159 3160 3162 !3163 !3164
[324] 3165 3167 !3168 !3169
[325] 3199 3211
[326] 3216 !3217
[327] 3218 3220 !3221 !3222
[328] 3223 3225 !3226 !3227
[329] 3228 3230 !3231 !3232
[330] 3283 3285 !3286 !3287 3288 3290 !3291 !3292 3293 3295 !3296 !3297
[331] 3298 3300 !3301 !3302
[332] 3335 3337 !3338 !3339
[333] 3380 !3383
[334] 3397 !3398 3432 !3433
[335] 3407 !3408 3437 !3438
[336] 3450 !3451
[337] 3463 !3464

fraig> cirg 0
================================================================================
= CONST(0), line 0
= FECs: 339 340 533 534 1804 1805 1806 1871 1872 2234 2235 2236 2237 2643 2645 !2646 !2647 2648 2649 2710 2712 !2713 !2714 2715 2717 !2718 !2719 2722 2837 2839 !2840 2842 2843 2874 2876 !2877 !2878 2879 2881 !2882 !2883 2884 2886 !2887 !2888 2889 2891 !2892 2893 2894 2897 2898 2900 2901 !2902 !2903 !2904 !2905 2906 2908 !2909 2910 2911 !2916 3103 3105 !3106 !3107 3108 3109 3170 3172 !3173 !3174 3175 3177 !3178 !3179 3182 3233 3235 !3236 !3237 3238 3240 !3241 !3242 3243 3245 !3246 !3247 3248 3250 !3251 !3252 3253 3255 !3256 3257 !3258 3303 3305 !3306 3308 3309 3340 3342 !3343 !3344 3345 3347 !3348 !3349 3350 3352 !3353 !3354 3355 3357 !3358 3359 3360 3363 3364 3366 3367 !3368 !3369 !3370 !3371 3372 !3373 3374 !3375 3376 3377 !3382 3388 !3389 3390 !3391 3395 3401 !3402 3403 !3404 3405 3431 3436
= Value: 00000000_00000000_00000000_00000000_00000000_00000000_00000000_00000000
================================================================================

fraig> cirg 44
================================================================================
= PI(44), line 85
= FECs:
= Value: 00000000_00000000_00000000_00000000_00000000_00000000_00000000_00000000
================================================================================

fraig> q -f

